,Hermes,Time,Sample Type,Tank Weight Pre kg,Tank Weight Post kg,Biomass g/L,Riboflavin g/kg,Cum Riboflavin g,Ammonium g/kg,PSA mL,Base Weight,Base totalizer mL
0,H11433-21,0.28,Broth,0.249,0.243,0.0,0.0,0.0,0.0,0.0,0,0.0
1,H11433-21,23.36,Broth,0.254,0.235,25.342,0.139,0.035,2.3359,1.0206,0,15.8
2,H11433-21,46.84,Broth,0.318,0.249,55.41,8.175,2.601,2.3148,3.7044,0,59.7
3,H11433-21,70.88,Broth,0.389,0.251,68.409,21.723,9.003,2.0502,7.4466,0,124.7
4,H11433-21,95.09,Broth,0.383,0.25,35.478,32.085,15.844,2.2063,7.182,0,186.3
5,H11433-21,118.03,Broth,0.354,0.25,41.57,36.666,20.813,2.3678,5.6322,0,231.5
6,H11433-21,143.49,Broth,0.356,0.277,47.863,39.567,25.72,2.3851,0.0,0,273.3
7,H11433-22,0.28,Broth,0.249,0.243,0.0,0.0,0.0,0.0,0.0,4000,0.0
8,H11433-22,23.36,Broth,0.254,0.235,6.313,0.139,0.035,2.3359,1.0206,3000,15.8
9,H11433-22,46.84,Broth,0.318,0.249,17.734,8.175,2.601,2.3148,3.7044,2000,59.7
10,H11433-22,70.88,Broth,0.389,0.251,30.252,21.723,9.003,2.0502,7.4466,0,124.7
11,H11433-22,95.09,Broth,0.383,0.25,35.478,32.085,15.844,2.2063,7.182,0,186.3
12,H11433-22,118.03,Broth,0.354,0.25,41.57,36.666,20.813,2.3678,5.6322,0,231.5
13,H11433-22,143.49,Broth,0.356,0.277,47.863,39.567,25.72,2.3851,0.0,0,273.3
